$ANSIBLE_VAULT;1.1;AES256
66346664313735393464316530623034393765623034353734393436343739353666333166366539
6564646633633238383266326661353334623862383833350a393561306266643964323939646162
31303832663566323861393862663536376634663062323034613363323036613739323739306366
3964663739396433620a366436336630383130356634376664633030316331616665616662626463
66393331373362396231383063333865376366343366656361633565656165656132666264326638
32363162333762653964396432383263666233363831636633646530366536373036356363326637
62383532396264333662343333343830373238316538363033653262383639336466653461383039
61393033633763633866643766633561633439643535363632373138356261626364386162303835
36303930343031373532393839613036303932613038366363303366333431396631383631396534
31656466363161366638326162353836316364386535363834643562346130373339323337306331
66323434613438613662656333316633306632303630626634616561623033336264643639376539
35636365646464326361316262353137376233383130323933663037303461313932396135303535
64393133313261303236383165376165313232323132616663643636643666633935316630363464
63663537386439303030353430303731653732333630633163656334616530303864326561643237
64343938333734623764613234303462633434323665343733363065343130326361316663393436
64363633373662623039373565653861386464643530613562353637626630643466633366376265
61366463653561363963306464613930353133336135353262666562353965663634633365363462
36393964336264663833306561653263656264353363346536383138613963613036373631393435
30363839373665613930303535313266353962316135396663366564356432313966393630636534
39613831313433616364663131393964323932303464643233383239386162373536653732616238
61643563393338613732613565656637303937623235653465663963616234373437373736663461
65363261393461346430376464633932653131313465633137613139653031623938386439383637
39303964623735376664633338366337356135336134343736376238313765616561383634396432
34316564623334643563373935323130303531393061373234313730306562326333383838393931
63306266393166396332336437333066333362353665346233363130666231313139363266313566
35613562353966383161396562386562633462636364383661323135356466633961316538643133
38663266376530633563653734313237623863316639383030366662663162316266303438373665
35363737653838343630336363646330303331396366613337656239366466376532623863303666
35313235373137346538373662346530363862346133303436306262323561303139373730643162
65396430303139306437336335346664656164363733613731343836636234343330343237346339
66393235376332633136633639656439313861353433373263663164666362363536303539306563
63666236396164303139623565373033326666616337633236666362303364363063653966303335
35336135613961616139313131396666626336313636396338633738383333353231613338386630
37393731326635653034333835346136383434333831346134343130333735393131353962366138
34663530306265343535663839343461643163366439306331353365363363646532666464643939
66356532316232666331333032356163316635316136333738336465373933313263323363623039
32353339363732383965633132383462373736373364623732626461396666383134333566623463
61386362643235646539373430616134313636633962336365643233633637626337333434373139
31363861663430616636373437366161373439613938333336343164373266336361356135386133
39373636346665656164623163376338353234386264303864663835616466343538666561313831
37383666373930636137633030656363306164666565303339396435643538373630336263643438
30393031336566366462376631663261376334306138613266316365366632653934393839326232
61323165326230616237663933643830646234643761356164626339653763663464366166326566
33623265383362363164373538333130313865643961363739373363363465616330313563643466
34303564383532383435616631373163626436343331656536373131383835643063623566316332
64646364333833373330333964306261313763613661303935393734376162373661393832343636
65313239343436653538336236636337306631666564636464623933386533393230323533613532
66653730663437633830656265343066313634646661306132633763643064396338356661613065
34616538313330333166666564373030633161383739653232656366396630366233363339623137
65323036343866623637396235306533353035356466323366393131333639663630393065363163
33633764333162636537633734363261663364313462303939303834613632666664363738636439
66613531376639376566346664333132643334623132613239353535343063363433616637613837
39356634643136346237353438386237353137343830636162323134376431343064656236353264
38626566623439366130326334303830653937303238363661326432306665653566356536333637
66643566653966353963316263303938383464303733346263636461353230393335316532376661
64356430663961386636616631396538346138363339356261393738306134383863633763376436
34633164636132366633353463393632323537636463323162386339633661306337376330323032
33386434333839303430373731663932313635326430626238656661373961373364353866363238
63306131313231323931323039343261623938346235343666373933643039643135363837653936
36333330653933653038333963653039396261346534363434363164346334613235383438616630
33653939343734383439643635353763303064626431303634643637363866633737303135643061
37633564356134303131383232353564326537636539626462383534336532666363646334616334
35383861323161616237326334386363343830376631346464383166636538333861623063386439
65303334323063336463613335333730636432643365393132653436383465326361396461656664
62313230366563383436366338383333333933376366616166663430633838663931666361333137
63353439376362353036356166356233306331646638626334663839636532356532656132613131
65633562633365613730633930316330636666373661356637386636343861363264373233393233
37303439636432666435363530393765623063363937623761653861376239356337613632356335
33353731383238666537326239396466386633316662366539663735633537613863373661316135
32383733363735363362323261623561613233363361656264386562303235313663306161303930
38333037303065333964663731323339303532393366393831656630643433366431323535326662
66663264356664613135396431333265633363616534363237323039623333396464353066313339
30336634303236656631663032383864623835363665333533326364653039666138306434303765
37336232633630663739623964303731336161623935333864316538373534356435613038376536
62613166363165386563653739623038303062633063356637656263333632633563313530373138
30383238626536343464643361616266303932353936356232336236356238623532626664363936
39666434613239646439653237663138373131383937306439623930643138663766383934623730
61373137323237303634653561393631323339323939313035386235303938303236393839373637
37633637396162363563383631373361363134373064643739653362333265386264363735306161
64646130336439613762376132613732656665323237623733353864343830353765376363666137
36353731333532633338643065303062353832643731643761363132353031333464633364383231
36346566396534333538666330363634306538306339653838363837396331666165623163356231
36333263323332323735376538366234633936656165383637303333633230663761663636323964
66663561393134356164633034336165333431363461623233316431376566636162616537373331
62343863303466613637626531623763613364373965343233343338383466613232626635663566
62323937653738616362343833303935663633663439373135333464386231336139636131373238
34323831663034326165303132333039326564373634346433653632646464336663393536313136
30643639346663613836313461356364353539656264313737393735653838336635396235666663
33633332613562383663306233333264303364323339313061316365313236656437306537306161
35636266326432643366376630343237346465626366323564306662626633333934303437653837
35326530623737646364323134356462626166653033636566336437323266313464633933333536
33373663623334363730663666643864653934356566363335666566326139623436653163616233
65393734636531666563656537363231356134363439393861643663633434383535356639636265
38313834643430366130633533326361353433613235643733336633303339383566373564633163
30356462663964326463386139313434366233353836376165373066386661343130646235663562
66383435343333653665306535653032323432643566643639386264653365646230376436633830
32363935393336376461383734386536343036613661666664616536656338613739336661613537
30663463376231636331653935383161383639313666373762626232663064613235343837623132
65393431383761653861343265363939326530653636343563643466366630336466393664633739
33616636323035346137613262636138613532623561636434316130386662616231373663316134
62313066623465373362633566626537353437346261613633666563333361643563653630663733
32336636663431326435316232323439356436623638376534626538373133376238323235303665
64313462313235653731663862373331373834636131613334366533343533383262356230306539
38383631613932613966356639333337303635626634393466646333323239316365616535613139
63333530373264633736333064376531653730656238616235386533376333626435323064653664
63663266656235353932303038326432343764306532346265386138313732303334663437623932
63653966396634643139316161316539303935336335326566303034363630623262353861313365
34373463393332343332663832363437616339316531396238666631343234643833626165323464
37316537323261353130616638336237366263643838353336343835313335313939653739386131
34616363626530393464336639613833663134383566353237363166376532363937633533313036
39316662326636313566663730353831633233633633386264396230323461303430336465363530
32643938616163303463633664303536633431393864396432663430346561633832383862373265
31346533383532653964336439303966353239653964303131373433623261666331363536376235
61383962646465653865373262373433656430316363666365363933633266666234336430363461
61613037356661356433666536666134633563333962626536663730373963646337633037383333
30663463383638613661313634363666343364333939306666356135333266323765383132303337
37323534363065363531303038393136393832363332343463363036343363613963613433626633
39376362643431303166363862396435336635653830363236613563323936666536643337316338
38663939653863383666323938613762646232633138643062633337323932323730393937353432
30373634613136663965343234616132393562313136323464303163316464336238653939653765
64373430353635616362323330613930356131636531666535376631323035656138656532386466
35393039306535353331303933663334653330656461336238353930633064663365333166336466
30393639643830643732306566626436613135396561333432666637363839333861366135613633
65376630656236623436393637666234666261663532646364303339343862653335366136323030
64643066666431633861633532656231353630333263316139636436336463393434346666373361
66343564656433373631333737613461646163616462323464386562636232653231396434396530
34386332313166343664323031643133653664326462353331653839623131616534623235353131
63343033373034383338663833613266613138653865626433343865363962313062313863383161
37663238343063363239326631336630363762383435383133336239666634613739303434343835
65363762366432333862666564653237316431613932613461326461663138326136656634613934
34363263613338333838636661653165613336663335613334336564376661333238333862313034
35353866303963313331326436323439393932643666353838333238633436393134623862373736
32663139383333376134663535616361616530343938306630386433346137653938
