$ANSIBLE_VAULT;1.1;AES256
64366230613534366231333363363432623031363337366263633764373863616632333963393131
3330656436666163396330393330633263376436393434660a616134313665363766383233323366
64636536313439313461393336346433366232373936373431643364666430373830633730383663
3963633661396463350a636365613538386534636563633734363864373530666662376234383065
34326362376566643734353433643531393062393162323462303538376462336263366661313532
31396338303537326466663332366639343235333432373730666539653566626366363162623434
31386133346431303231653466383233616466653235613462616137316164366464643666313331
37633464363431363630633530383138366631383164626137313866663366373465323132666235
38613566333834303934623339343430333832356235313339613136663830316634373139643965
61353830613432303537623061373236356435326339383666316435323361353931323330626538
61333530613135623664633039333434386431363031623931336364326130356530343365393864
30383065326362323134393761393763306333373564333931366439616438313839323966663131
62643336363365303135353535313633393437323933376164353066633331306632353631643230
38666336636233666238313663396135613433306335336238336536356131343630663830376661
34646233633630616661626232356438346334373463623765326137343730633733303234666435
31353965313535303266623839383130336239656233653632666639666532393632333237323362
30376434376465326237346464666162326333393937316437383266343839353865356336613931
65626635613865623136633931323838303966633237316663343366303533663934313965623866
38333865646431353337663663343264616237363532613762373966346633346164323561383535
35386663623239343738356465353830386639323464363164393738653165333463303936303066
61633330643730343562656364306331366463353439646264636438343835666636663134623164
34356530643865383635643164333464643766646634323434393465623861376261323330363733
63663434376365646566363865333836626164633332336531633439646262646531303864636464
39343636633966613630343439626337616235386230343738643836646234383361656639323935
31316165633831663535316365643763393132373563653635323462613761313964333364656232
64303565376136323136643236373237393836653561623336343336316232393832653231373962
35346233363762366363636231396265343364656566366639386163346138646138353266373862
61613936383566346466616238313031346536373230646432396235343934336632613063343064
32393962363966366531386664623761363361633830326438616331616465346431373935666436
61373432323731643935373138653836323334643462383931336539333834666563323966646132
35333430323235396161303737346432353239366637653364343937343263646538356163363435
36303164633864643933653261313363343738623131396237303763643334316534666336643539
3236
