$ANSIBLE_VAULT;1.1;AES256
37396538653034373166353934663065643561373264653762656631643232313139646461376533
3663316137393535396638636631356133333534363563320a336436313637656539656634326261
61363565643935613363353132316566383639633834356430313634396632333633616534616265
3932373938623936310a306632313635633239366362633839356561363564626334623962343833
30346330343364313636313534613631306631653237613934393565336265363339616530636665
61653736663636333432376130613234303936626231313935643132663333663065633734303733
62376262346231643335613932396630336662643666303265396331363030306339643064383334
62666632326363396539346632643038633333626232666338616238386630653665633737633162
30386166333465343138353139323364323132393764663562346364393164306630333835306665
31666434386431363734626533333336306366623338356232343336333865646165393863333734
38366632386263633061316237363966616234623361363864626631626434363562373430356139
61666635653966393562306431356632303739623263373435623536346432306231393562303038
63393837333236313734343634623039303537336665326531336362343738393034633235373436
31653762386662363132653839393430323466376334393439333237656165333735663230336436
38393763646533636232373439633134343439653037336433636133396138363439333437656564
64346433373534343136336363303134343062323336623237643866313165633237343239386537
63613133393330663735613831373464656164636231613935663935356435643764633066393966
38363138303430313665336134623263346161663436306136353431333761323534623766663365
37633930383036633762383332373834383062646536323738393531393530316638356539306533
37306238336539636261343563613333633730323935396133626136376536666434333731623030
35643064306139656134346366306231393764383132333637656339333363316635336661383836
32373061346533336363326635643361363661616134343061366437316539616533376131366263
38633838323562396436616335633862646362666532356431393531326237373433393331303062
38313261376264666130626134663364356238353763626366363630353032316665326264653966
33666338633465303631306130663837313930333636656233363931616232616333396534343332
64313536333764366366616134626235653161653433396236616466613038653037643333653766
32336164383234346639323135363337633434356463363331376131653330333030343032633439
62393264643636303962663936663062613330336332643339336566323638626239336536623566
62303762376434636234363731346135373138643436633236313838616532306231323231663732
39636666616234616664326261663263396630313830666137626165343631393866383562313236
62393537376362393935366332616164663965373663396433663165633236346665323561623930
62656164383361396262383232346238383365326235343266646536346562343133396230353334
37623131386461653434336462356533323931313939636439613935393139656564623630633631
31346361663763663861626338663232346136353935396533353632663265326430376235386234
63613538373333316634373435393137396437326162303764383365346666326632353662313836
39306336353931313764616633666130326632613838383263363638636461653230333332373566
32616361373437623465656133383230636265303132633162323139643833653033393234396431
31623335306461333665393761313936326138363461313666616563373334316636376366353165
34326230343266613861373533353662393166353661306634336261303166633830313335393730
65373731356363653831343338356266373232393964383662353033623363646338636238386432
37613338366565356563356639326661663161313235613935353731306364353431663637326231
34316262316636346434343164663130373130633830633635306632356632326130383031616363
66666463373137313135626565343462303530393839326137313539336538383738396136376163
35393332633932303033633534383036636561386133393436663734393135613638393934363930
61346461366538336636333636366431336463636234363563303930333037653864666333343536
66383033326363646664363464353933623734643737623761666132396136366131383636613532
30343034666138353634653635623939633638616562333234326336373736363837356138653132
63336437383036346533363735383566626235633462346137373064316137323139613966623430
35653138616539356464373238343230623063666436623165393434326439376664306438313738
66653366393536333361303431366563336666636236626638306337393930356337396635633438
35313733306161303036363139333231313936376461333936663538326164343233343934396161
31666530333966336131633561623139613831363239353732383061393361616166623136356462
63393864613838636531646362353632333835626438373564663937643538363362653135663430
31623433353238383235646663383635356535383739386234666135626665346666326664366539
38396639666533306238323835346636356166623564336231336130646464373339373433653337
36376538663031343535366262356533643961333364316434356366396634646461643937333430
30396233313731343765633930353664346565333634646538313231653564343836363437313934
38363232386361373834383836613365313938616331623964346130336636333532323633613264
39393863373936666561303031386336323132333631666431316663353534643532613634666663
31386166323432386362343764343662386232396636396632333861373034613633333337626131
64646364363165616631303033626563363365623331626561653166306432376431616337396638
66316235383463356464383039656634356364336466383735616436326166633630613232396530
63623433383834306162613735636635393632343362393963363439616466636236333437643736
61393362633465303735303930653065306331626663366634623237343438623438313934346132
36643232346331306635343735646364653537323836366164323262653161643662313931316364
38646365623365386139643639373563623532386333383862626139356165306265346134626165
33323637343364373161396639613336313530363531303335643932633066343236303063666335
33633131636632333131346265646365633136353936636130663165376232633365366634623238
38636532383931663738656566633564373764643335656663333662373238336434633838383530
30333835363561343530623966356632393335626363346261376565613162356263396164613637
31353737336261386563653064313335393833633332643733623330643065666330633162663037
37363364383239383735633237363465633035616432616333333035663963646462376166316137
66303564666463356331393336303132333666366564356635383439313763666362386164613362
64363233333063336532303664666433383565623236343237353034643334343064373766346238
32313734363966623563353537343132656464656263306665313561376137396566343161643532
39633638643731373636653831356361373764356238346633306631613833316237333338326431
64356135343133636133643035373839626537333161336231366238396665373465656238343464
62393535643766313264393966613333633932316163643164356337363739316465623334316561
61306338313431653033616131306437643638313739353865646530366466356464303562396335
39396530303933343661626264366235326365323266363666326165326565316135343661326331
61313438633832306161643538363838393735356237613034343830613833646662323663383363
37613265386634306232613833383961353039653331396231663534646435646562313734633236
61633234343934646533373934396664623130633236383132373434393731373331383762343532
37343332656664366332373433363232346165383531323230376234633537333437636630613539
37653034393533636135303165363431303336306565316663663964306638343863613431333933
66373663666232666536376163633061353530646438396138333433393264353266303830623138
62663735666235343938383962373334636265366462626239306335626330383063353866383938
62323531306466373261373234623632363137303562626665316462346333653864626535353633
64373235333366663135393834663736646365363862633535356366363462306661366533333938
35383637653834656166656363346466343932366665376632373734316138323432303764653762
39616538646461363530376561393861353666663762336637306666313431343638393337666564
62313637353262366136313433323738333433623861643430326633356636663966633230636436
62393136643863613334303730323331633238316638393636666562336531346539346130636566
34333631313165633263323435306434623465613263393865363736633565366162663938336334
31333062383038333631636166363163393231646639333566613966386466383230663336313934
37336238313432646234393934343061626537383730346431326461356636623035366635353362
36373338313637353761363761396362633432663233323763616166316564653737316661623832
62366335363031303337353061356365656430653633346530633164396132613362663833616437
36396630613839313464633634646337353833663137623635343637663938653266383730313432
61343564373537313932313432346265656162313331623761653735323461353734363264356632
39323062626362323165656463636137343166306561646161363035666634636361336332653134
39326130663832356335383637393263636530626166616636646337333437316266633265646235
36323637656666643439623961623632663566376235636332626330346636303839666333616130
36333539373762316536363566333037343962333464643336653362343531656263313031646534
31636534366535666163303765343863336166363937323435356334613066396439643261653664
36636131313662613235343235313464383566326666653534653433386538353532303364313837
66333665663562343132303264323332363032346266356639613434613637386232353761323764
65333861363663353131313230653663396264346335633163303533343235333133666431393461
33616265613234653136386339613061396165656334353232393439346535623339383463346230
34363764643639383961343564643364343363316664393331623066633439376434623235383065
38643864376337376430383666323937376238396338383833326330623562376539653130396538
35663463316462396331306238333764323266313330616665393733346236343130303738653235
38386535633235393365633130333136373532646539346433313566306436316631366232613565
38356330636632353132616534626537396631626537643963306639336663333262303830336139
36313731346162393262353433343035653938346636306439346530623735646330343134666339
65303933353263346466393633653034646230636434393561633664363039303539623933333437
65653864623366313134616435333765363531373533353365343138333536303538303737396538
30386363663737396532373630613931616130623839623561323033396530373830323365343432
65613232343262316137623461303961386335656331333865646337323237653432336430393736
32653539363935613263333966653232626436656261393162636135303139353235376538343133
36333230376435363365623335376437393135646363336532333437373866643338313262326663
39353339653833313935366139343437386536363439653138623938353363663362646631346161
62303433323464396632363430393830363635643531343436373735363733666138666263343135
38316231383136666337653530376561366366613230623430623838653932313933353039613332
66666434666335313832356561633561366165396530353938383165356264636262663533633033
37366630633231336266326136386435323130393165663130666537626164626439386362613634
30623861346132396133386433303265326539356463656232646362666463336537313261613631
35383938383463636235623937326333663861386662646632326636666137373736653165613237
65333463343361663733383664666532333233633438376639343362383365623962643133303637
63366137636335373566363865613335333061353165336539643732613630353861316336326435
65646562353035623030623762333963623738653963626464626639646235363037363637386635
63646334363335323533623430653765616332626135313330333535643163633261356535396334
61326364663233663861656135646466636365323732366437396639313037303639
